M0,261,1.64896,0.639583
M1,207,1.64896,0.336458
M2,51,1.64896,1.92812
M0,155,1.69479,0.173958
M1,103,1.81146,0.651042
M2,311,1.85729,0.779167
M0,622,1.88125,0.907292
M1,155,1.88125,0.384375
M2,207,1.98542,0.140625
M0,207,2.12604,0.1625
M1,261,2.28854,0.708333
M2,207,2.28854,0.185417
M0,466,2.34687,0.859375
M1,155,2.42812,1.43958
M2,207,2.47396,0.604167
M0,103,2.47396,0.429167
M1,103,2.90417,0.302083
M2,622,2.95,0.89375
M0,261,2.99687,0.173958
M1,207,3.07812,2.26562
M2,261,3.17083,3.57812
M0,103,3.20521,2.02187
M1,466,3.21771,0.371875
M2,415,3.55417,0.24375
M0,51,3.57708,2.75417
M1,523,3.94896,0.616667
M2,622,4.01979,0.823958
M0,311,4.10104,0.139583
M1,155,4.17083,1.77604
M2,311,4.37917,0.823958
M0,523,4.73958,0.185417
M1,415,4.85521,0.302083
M2,523,5.12292,0.56875
M0,103,5.22708,1.08125
M1,622,5.30833,0.4875
M2,207,5.34271,0.266667
M0,311,5.36667,0.663542
M1,207,5.61042,0.454167
M2,466,5.94687,0.129167
M0,415,5.99479,0.185417
M1,311,6.04062,0.232292
M2,155,6.0875,0.360417
M0,103,6.30833,0.627083
M1,51,6.33125,0.151042
M2,207,6.34271,0.383333
M0,523,6.4125,0.278125
M1,51,6.48229,0.417708
M2,46,7.14375,0.255208
M0,659,8.96771,0.325
M1,698,9.29271,0.278125
M2,783,9.44375,0.779167
M0,440,9.60625,0.651042
M1,261,9.61771,0.651042
M2,174,9.61771,1.28958
M0,87,9.6875,0.173958
M1,659,10.2583,0.325
M2,440,10.2583,0.209375
M0,261,10.2698,0.476042
M1,698,10.5833,0.429167
M2,783,10.7458,0.789583
M0,261,10.7458,0.220833
M1,987,10.9083,0.290625
M2,493,10.9083,0.952083
M0,391,10.9083,0.661458
M1,195,10.9083,0.661458
M2,587,10.9198,0.255208
M0,659,11.5698,0.336458
M1,391,11.5698,0.209375
M2,195,11.5698,0.325
M0,195,11.8948,0.163542
M1,698,11.9062,0.395833
M2,391,12.0594,0.151042
M0,195,12.0594,0.464583
M1,391,12.2094,0.336458
M2,220,12.2094,0.661458
M0,523,12.2219,0.952083
M1,329,12.2219,0.65
M2,110,12.2219,0.778125
M0,1046,12.2677,0.1625
M1,783,12.349,0.185417
M2,261,12.4531,0.1625
M0,1567,12.5344,0.1625
M1,783,12.5469,0.325
M2,391,12.5469,0.325
M0,1318,12.8604,0.196875
M1,1567,12.8719,0.290625
M2,783,12.8719,0.498958
M0,659,12.8719,0.498958
M1,391,12.8719,0.313542
M2,329,12.8719,0.498958
M0,220,12.8719,0.476042
M1,880,13.2083,0.347917
M2,783,13.3708,0.4875
M0,659,13.3708,0.209375
M1,391,13.3708,0.1625
M2,391,13.5333,0.325
M0,293,13.5333,0.313542
M1,246,13.5333,0.907292
M2,164,13.5333,1.20833
M0,783,13.8583,0.314583
M1,391,13.8583,0.314583
M2,783,14.1729,0.510417
M0,659,14.1729,0.627083
M1,391,14.1729,0.278125
M2,587,14.3354,0.173958
M0,293,14.3354,0.604167
M1,523,14.4979,0.360417
M2,246,14.5677,0.1625
M0,587,14.8354,0.8125
M1,440,14.8354,0.4875
M2,261,14.8354,0.4875
M0,174,14.8354,0.4875
M1,87,14.9042,0.266667
M2,440,15.3229,0.1625
M0,261,15.3229,0.582292
M1,174,15.3229,0.336458
M2,659,15.4854,0.546875
M0,440,15.4854,0.59375
M1,587,15.6479,0.477083
M2,174,15.6594,0.465625
M0,523,15.8104,0.314583
M1,587,16.125,0.498958
M2,493,16.125,0.336458
M0,195,16.125,1.31146
M1,523,16.4615,0.4875
M2,587,16.624,0.336458
M0,783,16.949,0.510417
M1,523,16.949,0.429167
M2,587,16.9604,0.476042
M0,391,17.4365,0.930208
M1,195,17.4365,0.976042
M2,130,17.4365,0.976042
M0,659,17.449,0.907292
M1,293,17.9146,0.453125
M2,65,18.2969,0.591667
M0,329,18.4135,0.4875
M1,261,18.4135,0.4875
M2,195,18.4135,0.464583
M0,130,18.4135,0.986458
M1,391,18.901,0.498958
M2,329,18.901,0.4875
M0,261,18.901,0.417708
M1,195,18.901,0.453125
M2,659,19.3885,0.336458
M0,329,19.3885,0.616667
M1,195,19.3885,0.464583
M2,391,19.4,0.255208
M0,130,19.4,0.59375
M1,698,19.725,0.361458
M2,783,19.8771,0.534375
M0,261,19.8771,0.1625
M1,440,20.0396,0.534375
M2,261,20.0396,0.661458
M0,174,20.0396,0.672917
M1,110,20.0396,0.196875
M2,87,20.0521,0.754167
M0,220,20.5156,0.604167
M1,659,20.7021,0.278125
M2,261,20.7021,0.336458
M0,87,20.8063,0.801042
M1,698,21.0271,0.336458
M2,261,21.1896,0.290625
M0,493,21.3521,0.883333
M1,195,21.3521,0.883333
M2,97,21.3635,0.964583
M0,246,21.4792,0.5
M1,293,21.7115,0.964583
M2,659,22.0031,0.325
M0,698,22.3281,0.347917
M1,97,22.3281,0.56875
M2,783,22.4677,0.139583
M0,391,22.6417,0.336458
M1,329,22.6417,0.672917
M2,523,22.6531,0.336458
M0,110,22.6531,0.672917
M1,261,22.7344,1.11563
M2,391,22.9792,0.278125
M0,783,22.9906,0.1625
M1,523,22.9906,0.151042
M2,659,23.3156,0.173958
M0,329,23.3156,0.813542
M1,110,23.3271,0.628125
M2,220,23.6177,0.151042
M0,880,23.6406,0.26875
M1,783,23.8031,0.140625
M2,391,23.9438,0.336458
M0,246,23.9438,1.31146
M1,293,23.9552,0.336458
M2,164,23.9552,0.24375
M0,110,23.9552,0.266667
M1,82,23.9552,1.24271
M2,195,24.1292,0.441667
M0,783,24.2802,0.266667
M1,391,24.2802,0.266667
M2,293,24.2917,0.4875
M0,659,24.6167,0.464583
M1,293,24.7792,0.742708
M2,523,24.9417,0.325
M0,261,25.2552,0.278125
M1,587,25.2667,0.522917
M2,440,25.2667,0.360417
M0,174,25.2667,0.767708
M1,87,25.2667,1.4875
M2,220,25.476,0.266667
M0,261,25.5344,0.372917
M1,440,25.7552,0.291667
M2,220,25.7552,0.454167
M0,659,25.9073,0.417708
M1,261,25.9073,0.325
M2,587,26.0698,0.498958
M0,523,26.2323,0.220833
M1,261,26.2323,0.325
M2,587,26.5688,0.347917
M0,493,26.5688,0.638542
M1,293,26.5688,0.65
M2,195,26.5688,0.65
M0,97,26.5802,0.313542
M1,246,26.8823,0.232292
M2,97,26.8938,0.988542
M0,659,26.9052,0.266667
M1,587,27.2188,0.290625
M2,293,27.2188,0.779167
M0,195,27.2188,0.151042
M1,659,27.3354,0.429167
M2,523,27.5552,0.314583
M0,523,27.8698,0.313542
M1,349,27.8823,0.476042
M2,261,27.8823,0.313542
M0,195,27.8823,0.476042
M1,130,27.8823,0.302083
M2,97,27.8823,0.278125
M0,523,28.1833,0.266667
M1,130,28.1833,0.4875
M2,261,28.1958,0.1625
M0,349,28.3583,0.859375
M1,261,28.3583,0.557292
M2,195,28.3583,0.325
M0,130,28.6719,0.510417
M1,195,28.6833,0.151042
M2,195,28.8344,0.627083
M0,523,29.1708,0.278125
M1,261,29.1708,0.40625
M2,65,29.1708,0.510417
M0,130,29.1823,0.651042
M1,329,29.2167,0.732292
M2,440,29.2635,0.302083
M0,195,29.8104,0.139583
M1,195,30.0771,0.232292
M2,246,30.3094,0.24375
M0,195,30.3094,0.266667
M1,220,30.5771,0.24375
M2,261,30.5885,0.220833
M0,87,30.6469,1.09167
M1,261,30.8094,0.173958
M2,220,30.8208,0.220833
M0,174,30.8323,0.220833
M1,391,30.9719,0.1625
M2,261,30.9833,0.1625
M0,391,31.1344,0.347917
M1,261,31.1458,0.278125
M2,293,31.2969,0.173958
M0,261,31.424,0.290625
M1,391,31.4823,0.232292
M2,329,31.4938,0.173958
M0,246,31.7146,0.129167
M1,293,31.7844,0.175
M2,97,31.7854,1.1375
M0,329,31.9365,0.1625
M1,329,32.099,0.290625
M2,246,32.1104,0.232292
M0,293,32.2031,0.232292
M1,246,32.424,0.1625
M2,293,32.4354,0.604167
M0,261,32.6094,0.290625
M1,195,32.7958,0.196875
M2,246,32.9229,0.196875
M0,293,33.1094,0.220833
M1,246,33.1208,0.24375
M2,195,33.1906,0.209375
M0,261,33.4344,0.302083
M1,391,33.5969,0.454167
M2,261,33.7354,0.546875
M0,220,33.7354,0.5
M1,110,33.7594,0.582292
M2,195,33.7708,0.221875
M0,329,33.7719,0.591667
M1,261,34.2833,0.173958
M2,164,34.399,0.185417
M0,261,34.4573,0.151042
M1,82,34.4573,0.139583
M2,293,34.4917,0.1625
M0,164,34.5844,0.417708
M1,82,34.6083,0.754167
M2,195,34.7125,0.453125
M0,261,34.7354,0.185417
M1,329,34.8979,0.266667
M2,220,35.1656,0.232292
M0,261,35.1771,0.302083
M1,329,35.2927,0.139583
M2,195,35.3854,0.151042
M0,261,35.4792,0.173958
M1,195,35.5365,0.26875
M2,87,35.6417,0.140625
M0,87,35.7823,0.360417
M1,261,35.7938,0.139583
M2,220,35.8979,0.24375
M0,261,36.1531,0.1625
M1,293,36.3396,0.302083
M2,293,36.6406,0.173958
M0,329,36.8156,0.185417
M1,329,37.001,0.220833
M2,97,37.1281,0.196875
M0,97,37.326,0.488542
M1,293,37.3375,0.313542
M2,391,37.5,0.326042
M0,293,37.651,0.3375
M1,246,37.8385,0.151042
M2,174,37.8844,0.173958
M0,293,37.9885,0.464583
M1,246,37.9885,0.336458
M2,130,38.3146,0.325
M0,246,38.326,0.290625
M1,130,38.6396,1.28958
M2,261,38.651,0.232292
M0,293,38.8021,0.151042
M1,293,38.9531,0.24375
M2,261,38.9646,0.336458
M0,329,38.999,0.453125
M1,195,39.0917,0.510417
M2,261,39.301,0.1625
M0,329,39.4635,0.639583
M1,261,39.4635,0.24375
M2,261,39.7073,0.210417
M0,261,39.9177,0.196875
M1,130,39.9292,0.255208
M2,329,40.1031,0.151042
M0,246,40.1146,0.139583
M1,246,40.2542,0.151042
M2,130,40.3823,0.383333
M0,261,40.4052,0.185417
M1,261,40.5906,0.151042
M2,261,40.7417,0.498958
M0,220,40.951,0.719792
M1,87,41.0094,1.15104
M2,174,41.1021,0.139583
M0,261,41.2406,0.255208
M1,174,41.2406,0.639583
M2,391,41.4156,0.302083
M0,261,41.5667,0.163542
M1,261,41.7302,0.313542
M2,174,41.8812,0.220833
M0,293,42.0437,0.1625
M1,293,42.2062,0.522917
M2,97,42.2292,0.278125
M0,195,42.3687,0.313542
M1,97,42.5083,0.627083
M2,246,42.5427,0.24375
M0,391,42.7167,0.40625
M1,246,42.8677,0.1625
M2,293,42.8792,0.24375
M0,195,42.9844,0.139583
M1,261,43.0302,0.173958
M2,261,43.2042,0.1625
M0,246,43.3667,0.151042
M1,293,43.5292,0.244792
M2,246,43.5292,0.303125
M0,440,43.5646,0.1875
M1,110,43.6917,0.558333
M2,329,43.8323,0.255208
M0,261,43.8323,0.151042
M1,261,43.9833,0.185417
M2,261,44.1698,0.266667
M0,261,44.4365,0.196875
M1,195,44.5062,0.325
M2,246,44.6333,0.255208
M0,293,44.6573,0.604167
M1,195,44.8312,0.220833
M2,164,44.8312,0.313542
M0,195,45.0521,0.371875
M1,164,45.1448,0.185417
M2,261,45.1562,0.232292
M0,329,45.3302,0.290625
M1,164,45.3302,0.336458
M2,261,45.6667,0.152083
M0,164,45.6667,0.129167
M1,164,45.7958,0.139583
M2,261,45.8198,0.8125
M0,440,46.1208,0.453125
M1,220,46.1208,0.336458
M2,87,46.1208,0.441667
M0,174,46.1323,0.185417
M1,329,46.4344,0.196875
M2,220,46.4583,0.266667
M0,440,46.6323,0.278125
M1,329,46.6323,0.139583
M2,261,46.6323,0.302083
M0,659,46.7708,0.209375
M1,329,46.7708,0.196875
M2,391,46.7833,0.151042
M0,261,46.9333,0.360417
M1,87,47.1198,0.220833
M2,220,47.4333,0.280208
M0,97,47.4792,0.139583
M1,97,47.7365,0.220833
M2,293,47.7479,0.185417
M0,195,47.7479,0.151042
M1,246,47.7594,0.325
M2,391,47.9333,0.255208
M0,293,47.9333,0.151042
M1,293,48.0844,0.278125
M2,246,48.0844,0.278125
M0,261,48.3979,0.360417
M1,329,48.4448,0.151042
M2,195,48.7344,0.313542
M0,130,48.7458,1.87083
M1,523,48.7583,0.638542
M2,261,48.7583,0.302083
M0,195,49.0479,0.290625
M1,261,49.0594,0.336458
M2,523,49.3969,0.24375
M0,349,49.3969,0.605208
M1,261,49.3969,0.173958
M2,261,49.5708,0.175
M0,195,49.5708,0.477083
M1,261,49.7458,0.1625
M2,261,49.9083,0.24375
M0,329,50.001,0.173958
M1,195,50.0479,0.325
M2,261,50.1521,0.139583
M0,329,50.1875,0.173958
M1,261,50.2917,0.185417
M2,195,50.3729,0.209375
M0,261,50.4771,0.220833
M1,195,50.5823,0.232292
M2,261,50.8375,0.139583
M0,220,50.8375,0.232292
M1,195,51.1854,0.266667
M2,261,51.476,0.210417
M0,220,51.476,0.3375
M1,261,51.6865,0.139583
M2,261,51.825,0.173958
M0,391,51.8375,0.464583
M1,261,52,0.429167
M2,293,52.151,0.139583
M0,329,52.325,0.151042
M1,329,52.476,0.302083
M2,48,52.5917,0.313542
M0,293,52.8125,0.232292
M1,97,52.9865,0.185417
M2,293,53.0448,0.266667
M0,48,53.0448,0.196875
M1,293,53.3115,0.313542
M2,293,53.625,0.244792
M0,48,53.7427,0.383333
M1,246,53.7885,0.1625
M2,246,53.951,0.313542
M0,195,53.951,0.232292
M1,97,53.975,0.185417
M2,293,54.0094,0.1625
M0,261,54.3573,0.255208
M1,220,54.601,0.394792
M2,261,54.6135,0.347917
M0,391,54.6948,0.173958
M1,293,54.9385,0.139583
M2,261,54.9615,0.151042
M0,261,55.1125,0.1625
M1,164,55.2281,0.278125
M2,246,55.275,0.302083
M0,261,55.5885,0.25625
M1,195,55.6229,0.395833
M2,329,55.7406,0.139583
M0,164,55.9615,0.255208
M1,261,55.9729,0.302083
M2,220,56.0427,0.196875
M0,261,56.2865,0.220833
M1,48,56.3208,0.266667
M2,195,56.3906,0.24375
M0,87,56.6458,0.151042
M1,220,56.6698,0.220833
M2,261,56.7396,0.220833
M0,261,56.9708,0.255208
M1,261,57.2271,0.313542
M2,293,57.3542,0.280208
M0,329,57.6458,0.325
M1,48,57.7625,0.302083
M2,293,57.9479,0.24375
M0,293,58.1917,0.336458
M1,97,58.1917,0.1625
M2,48,58.3656,0.151042
M0,293,58.5281,0.278125
M1,246,59.2135,0.266667
M2,261,59.4917,0.140625
M0,261,59.6437,0.185417
M1,293,59.8187,0.24375
M2,261,59.8302,0.325
M0,130,59.876,0.1625
M1,195,59.9,0.325
M2,261,60.1552,0.232292
M0,130,60.3292,0.266667
M1,48,60.3635,0.325
M2,261,60.3875,0.196875
M0,195,60.526,0.196875
M1,329,60.6656,0.302083
M2,261,60.8167,0.383333
M0,329,60.9792,0.417708
M1,261,61.2,0.5125
M2,48,61.4552,0.384375
M0,220,61.5844,0.185417
M1,220,61.7698,0.336458
M2,174,61.8052,1.12604
M0,87,61.8281,0.476042
M1,220,62.1062,0.476042
M2,110,62.1062,0.151042
M0,261,62.1417,0.209375
M1,87,62.5479,0.278125
M2,220,62.5823,0.1625
M0,261,62.5948,0.266667
M1,220,62.9656,0.371875
M2,146,62.9656,0.441667
M0,293,63.0937,0.313542
M1,195,63.0937,0.1625
M2,97,63.0937,0.266667
M0,48,63.1052,0.24375
M1,195,63.2562,0.151042
M2,293,63.4073,0.732292
M0,146,63.4073,0.139583
M1,97,63.4302,0.140625
M2,48,63.5,0.152083
M0,391,63.5823,0.441667
M1,195,63.8375,0.151042
M2,261,63.8958,0.278125
M0,48,63.9885,0.196875
M1,97,64.1396,0.196875
M2,48,64.1979,0.464583
M0,246,64.2208,0.1625
M1,246,64.3833,0.313542
M2,146,64.3948,0.24375
M0,293,64.4302,0.173958
M1,440,64.4885,0.139583
M2,51,64.6625,0.185417
M0,261,64.6969,0.185417
M1,130,64.6969,0.139583
M2,329,64.7198,0.24375
M0,523,64.8823,0.278125
M1,261,64.8823,0.151042
M2,261,65.0333,0.173958
M0,55,65.1615,0.220833
M1,261,65.2083,0.290625
M2,195,65.3708,0.1625
M0,146,65.4521,0.198958
M1,195,65.5333,0.314583
M2,48,65.6271,0.325
M0,246,65.674,0.534375
M1,195,65.8479,0.209375
M2,195,66.0562,0.220833
M0,82,66.0917,0.1625
M1,164,66.3469,0.313542
M2,261,66.4167,0.151042
M0,246,66.5677,0.185417
M1,48,66.7302,0.139583
M2,261,66.7531,0.185417
M0,220,66.8344,0.232292
M1,146,66.8927,0.173958
M2,174,66.9969,0.220833
M0,329,67.3333,0.185417
M1,329,67.5198,0.326042
M2,261,67.8115,0.1625
M0,130,67.8812,0.173958
M1,261,67.974,0.139583
M2,220,68.1479,0.173958
M0,493,68.3104,0.196875
M1,220,68.3219,0.232292
M2,48,68.3562,0.522917
M0,246,68.6583,0.255208
M1,293,68.8094,0.196875
M2,293,69.0073,0.185417
M0,261,69.1,0.185417
M1,261,69.2854,0.314583
M2,195,69.2854,0.151042
M0,587,69.2969,0.196875
M1,195,69.4365,0.175
M2,261,69.6,0.65
M0,130,69.6,1.91562
M1,523,69.6115,0.313542
M2,195,69.6115,0.173958
M0,195,69.7865,0.8125
M1,523,69.925,0.151042
M2,349,70.1115,0.313542
M0,261,70.25,0.173958
M1,261,70.425,0.498958
M2,329,70.5292,0.139583
M0,195,70.599,0.151042
M1,349,70.75,0.139583
M2,195,70.75,0.4875
M0,329,70.8885,0.522917
M1,261,70.924,0.185417
M2,523,70.9823,0.185417
M0,261,71.1094,0.220833
M1,195,71.2375,0.209375
M2,261,71.3302,0.139583
M0,329,71.4229,0.152083
M1,261,71.4698,0.210417
M2,97,71.5635,0.220833
M0,329,71.575,0.185417
M1,261,71.6802,0.173958
M2,391,72.051,0.266667
M0,195,72.051,0.173958
M1,261,72.0625,0.325
M2,174,72.2604,0.232292
M0,329,72.2948,0.1625
M1,130,72.3062,0.151042
M2,87,72.3302,0.534375
M0,43,72.3302,0.383333
M1,174,72.5042,0.325
M2,523,72.6781,0.139583
M0,43,72.725,0.580208
M1,329,72.9687,0.209375
M2,87,73.0146,0.209375
M0,261,73.05,0.1625
M1,174,73.224,0.24375
M2,87,73.2354,0.151042
M0,195,73.4208,0.395833
M1,48,73.4333,0.395833
M2,391,73.5021,0.221875
M0,97,73.5156,0.232292
M1,48,73.8406,0.661458
M2,293,73.899,0.4875
M0,97,73.9333,0.185417
M1,246,73.9333,0.139583
M2,391,74.0146,0.255208
M0,329,74.1656,0.290625
M1,97,74.5021,0.232292
M2,48,74.5021,0.302083
M0,391,74.6646,0.266667
M1,195,74.6646,0.151042
M2,195,74.8156,0.266667
M0,261,74.8625,0.266667
M1,110,74.8969,0.173958
M2,55,74.9198,0.139583
M0,261,75.1406,0.278125
M1,391,75.1521,0.232292
M2,329,75.3385,0.395833
M0,164,75.3385,0.326042
M1,55,75.4542,0.244792
M2,220,75.4906,0.185417
M0,587,75.5365,0.232292
M1,261,75.6417,0.151042
M2,261,75.7927,0.151042
M0,48,75.9667,0.429167
M1,164,76.025,0.638542
M2,82,76.0594,0.185417
M0,493,76.1292,0.209375
M1,195,76.1292,0.591667
M2,41,76.1521,0.685417
M0,82,76.2448,0.1625
M1,55,76.2562,0.1625
M2,48,76.4073,0.173958
M0,82,76.4771,0.185417
M1,82,76.6635,0.139583
M2,195,76.7792,0.266667
M0,293,76.7906,0.209375
M1,82,76.8021,0.173958
M2,246,76.8604,0.196875
M0,55,77.0927,0.266667
M1,48,77.0927,0.371875
M2,41,77.0927,0.290625
M0,261,77.1271,0.278125
M1,220,77.174,0.1625
M2,82,77.1854,0.185417
M0,293,77.4406,0.454167
M1,146,77.4406,0.25625
M2,87,77.524,0.545833
M0,43,77.524,0.371875
M1,174,77.7792,0.1625
M2,43,77.9062,0.56875
M0,220,77.9302,0.151042
M1,87,78.0687,0.417708
M2,261,78.0812,0.173958
M0,220,78.0812,0.429167
M1,523,78.2552,0.232292
M2,440,78.2552,0.232292
M0,261,78.2552,0.302083
M1,43,78.475,0.255208
M2,523,78.4875,0.24375
M0,87,78.4875,0.151042
M1,48,78.7312,0.464583
M2,293,78.7542,0.290625
M0,97,78.7656,0.24375
M1,246,78.801,0.232292
M2,493,78.8583,0.173958
M0,293,79.0448,0.185417
M1,97,79.0562,0.290625
M2,48,79.2073,0.1625
M0,293,79.2302,0.303125
M1,97,79.3698,0.372917
M2,48,79.3698,0.291667
M0,246,79.4625,0.198958
M1,293,79.5333,0.441667
M2,48,79.6615,0.313542
M0,391,79.7427,0.232292
M1,195,79.7427,0.151042
M2,97,79.7427,0.209375
M0,329,80.0437,0.498958
M1,130,80.0552,0.313542
M2,195,80.0792,0.557292
M0,659,80.149,0.360417
M1,587,80.149,0.139583
M2,65,80.1719,0.173958
M0,65,80.3458,0.173958
M1,130,80.3687,0.266667
M2,65,80.5198,0.139583
M0,246,80.5667,0.266667
M1,293,80.5896,0.371875
M2,65,80.6594,0.4875
M0,261,80.8448,0.278125
M1,130,80.8687,0.24375
M2,195,80.8687,0.883333
M0,48,80.9146,0.209375
M1,261,81.124,0.151042
M2,130,81.124,0.546875
M0,261,81.275,0.477083
M1,65,81.3448,0.152083
M2,65,81.4969,0.313542
M0,130,81.6708,0.278125
M1,329,81.7177,0.255208
M2,261,81.7521,0.173958
M0,195,81.7635,0.1625
M1,65,81.8104,0.151042
M2,65,81.9615,0.151042
M0,329,81.9844,0.278125
M1,261,82.0073,0.278125
M2,130,82.1469,0.173958
M0,65,82.2865,0.173958
M1,130,82.3323,0.325
M2,48,82.3323,0.209375
M0,65,82.4719,0.232292
M1,391,82.5531,0.1625
M2,174,82.6458,0.4875
M0,130,82.6573,0.24375
M1,43,82.6927,0.220833
M2,329,82.6927,0.196875
M0,65,82.7042,0.185417
M1,880,82.774,0.151042
M2,87,82.7854,0.360417
M0,43,82.925,0.510417
M1,261,82.9708,0.255208
M2,220,83.0177,0.173958
M0,174,83.1333,0.151042
M1,523,83.1448,0.43125
M2,87,83.1448,0.139583
M0,87,83.2844,0.233333
M1,261,83.401,0.25625
M2,329,83.4125,0.1875
M0,880,83.4479,0.185417
M1,174,83.4719,0.232292
M2,48,83.8781,0.73125
M0,329,83.8896,0.24375
M1,391,83.9365,0.302083
M2,493,83.9479,0.255208
M0,97,84.0292,0.40625
M1,97,84.4469,0.498958
M2,329,84.6208,0.278125
M0,48,84.6208,0.302083
M1,48,84.9229,0.476042
M2,97,84.9458,0.266667
M0,391,85.1323,0.255208
M1,195,85.1781,0.326042
M2,261,85.3292,0.244792
M0,110,85.3521,0.175
M1,55,85.3521,0.152083
M2,391,85.5281,0.151042
M0,329,85.7719,0.313542
M1,55,85.876,0.185417
M2,329,86.0854,0.151042
M0,261,86.0854,0.255208
M1,220,86.201,0.185417
M2,391,86.4219,0.383333
M0,48,86.4562,0.429167
M1,82,86.4917,0.139583
M2,164,86.5729,0.151042
M0,41,86.5844,0.719792
M1,195,86.5844,0.522917
M2,246,86.6187,0.185417
M0,82,86.6312,0.209375
M1,164,86.9677,0.1625
M2,82,87.0833,0.220833
M0,195,87.2698,0.210417
M1,293,87.3156,0.210417
M2,164,87.4083,0.41875
M0,587,87.4677,0.220833
M1,41,87.4917,0.278125
M2,48,87.5375,0.441667
M0,261,87.5844,0.255208
M1,82,87.6302,0.185417
M2,293,87.874,0.325
M0,174,87.874,0.476042
M1,261,87.9792,0.220833
M2,87,87.9792,0.209375
M0,43,87.9906,0.453125
M1,523,88.0719,0.383333
M2,87,88.1875,0.255208
M0,293,88.199,0.173958
M1,220,88.3385,0.1625
M2,43,88.4437,0.510417
M0,48,89.1635,0.988542
M1,391,89.1865,0.210417
M2,293,89.1865,0.314583
M0,97,89.1865,0.303125
M1,97,89.4896,0.302083
M2,293,89.501,0.266667
M0,293,89.8375,0.255208
M1,261,89.9187,0.24375
M2,97,90.1625,0.209375
M0,48,90.1625,0.266667
M1,261,90.174,0.313542
M2,195,90.1865,0.278125
M0,261,90.4875,1.23229
M1,195,90.4875,0.591667
M2,130,90.5,0.302083
M0,65,90.5927,0.232292
M1,523,90.6042,0.638542
M2,130,90.801,0.813542
M0,65,90.825,0.266667
M1,349,90.975,0.813542
M2,65,91.0917,0.291667
M0,195,91.1385,0.361458
M1,48,91.4177,0.139583
M2,65,91.4531,0.139583
M0,523,91.4875,0.591667
M1,65,91.5917,0.220833
M2,130,91.6156,0.754167
M0,329,91.7896,0.627083
M1,195,91.801,0.580208
M2,65,91.8125,0.255208
M0,261,91.9635,0.220833
M1,65,92.0677,0.173958
M2,261,92.1958,0.173958
M0,65,92.2427,0.185417
M1,293,92.4281,0.441667
M2,65,92.4281,0.325
M0,195,92.4396,0.255208
M1,65,92.7531,0.151042
M2,65,92.9042,0.209375
M0,174,93.0896,0.546875
M1,65,93.1135,0.173958
M2,87,93.1594,0.558333
M0,43,93.1948,0.291667
M1,523,93.3448,0.582292
M2,261,93.3448,0.280208
M0,220,93.3573,0.233333
M1,110,93.3927,0.151042
M2,43,93.625,0.464583
M0,87,93.7177,0.336458
M1,220,93.776,0.383333
M2,261,93.9042,0.453125
M0,87,94.0552,0.151042
M1,43,94.101,0.139583
M2,195,94.4031,0.196875
M0,493,94.426,0.835417
M1,246,94.4375,0.591667
M2,48,94.4615,0.232292
M0,97,94.5187,0.209375
M1,293,94.5542,0.1625
M2,48,94.6937,0.663542
M0,293,94.7167,0.675
M1,97,94.7281,0.151042
M2,97,94.8792,0.1625
M0,246,95.0417,0.1625
M1,97,95.0417,0.3375
M2,195,95.076,0.488542
M0,261,95.2042,0.139583
M1,246,95.3437,0.129167
M2,48,95.3562,0.429167
M0,97,95.3792,0.313542
M1,293,95.449,0.604167
M2,1174,95.4604,0.185417
M0,97,95.6927,0.139583
M1,110,95.8094,0.1625
M2,55,95.8323,0.139583
M0,195,95.8667,0.1625
M1,130,95.9021,0.232292
M2,261,96.0302,0.196875
M0,195,96.0302,0.209375
M1,51,96.0417,0.185417
M2,391,96.1229,0.313542
M0,261,96.3427,0.336458
M1,195,96.3427,0.24375
M2,55,96.3667,0.185417
M0,164,96.4365,0.209375
M1,329,96.5177,0.139583
M2,164,96.6562,0.209375
M0,329,96.6687,0.604167
M1,261,96.6802,0.185417
M2,110,96.8885,0.196875
M0,246,97.0167,0.43125
M1,41,97.0396,0.732292
M2,48,97.1094,0.1625
M0,82,97.1323,0.196875
M1,195,97.1437,0.407292
M2,164,97.1677,0.1625
M0,55,97.1677,0.139583
M1,48,97.2833,0.140625
M2,82,97.3302,0.303125
M0,783,97.4354,0.1625
M1,261,97.4479,0.220833
M2,82,97.6333,0.394792
M0,293,97.6792,0.383333
M1,246,97.6792,0.266667
M2,164,97.7844,0.232292
M0,48,97.9,0.498958
M1,41,98.0042,0.232292
M2,164,98.0281,0.232292
M0,82,98.0281,0.232292
M1,55,98.0281,0.196875
M2,329,98.051,0.185417
M0,261,98.225,0.185417
M1,195,98.3531,0.139583
M2,43,98.4115,0.73125
M0,87,98.4229,1
M1,110,98.6198,0.173958
M2,220,98.6427,0.56875
M0,523,98.6552,0.209375
M1,523,99.05,0.372917
M2,261,99.1187,0.291667
M0,48,99.5615,0.347917
M1,493,99.6542,0.453125
M2,97,99.6781,0.24375
M0,293,99.7594,0.8125
M1,246,99.9104,0.185417
M2,97,99.9219,0.313542
M0,48,99.9219,0.302083
M1,48,100.224,0.325
M2,97,100.258,0.325
M0,246,100.281,0.441667
M1,195,100.317,0.1625
M2,48,100.549,0.498958
M0,97,100.583,0.255208
M1,195,100.757,0.347917
M2,246,100.944,0.255208
M0,130,101.001,0.1625
M1,195,101.106,0.291667
M2,65,101.106,0.139583
M0,65,101.245,0.129167
M1,261,101.269,0.129167
M2,65,101.374,0.151042
M0,130,101.409,0.476042
M1,65,101.525,0.476042
M2,261,101.572,0.882292
M0,195,101.618,0.394792
M1,48,101.769,0.220833
M2,65,102.001,0.24375
M0,130,102.222,0.604167
M1,659,102.233,0.266667
M2,65,102.245,0.151042
M0,65,102.396,0.255208
M1,261,102.454,0.73125
M2,65,102.651,0.185417
M0,65,102.837,0.290625
M1,293,102.872,0.417708
M2,130,102.987,0.35
M0,65,103.127,0.221875
M1,65,103.349,0.347917
M2,130,103.384,0.255208
M0,174,103.523,1.10313
M1,87,103.628,0.313542
M2,43,103.628,0.173958
M0,261,103.698,0.255208
M1,220,103.872,0.766667
M2,880,103.918,0.173958
M0,87,103.942,0.232292
M1,43,103.953,0.696875
M2,87,104.173,0.313542
M0,261,104.231,0.73125
M1,523,104.267,0.151042
M2,87,104.486,0.151042
M0,48,104.8,1
M1,97,104.986,0.196875
M2,293,104.998,0.384375
M0,97,105.183,0.129167
M1,246,105.195,0.175
M2,97,105.312,0.151042
M0,246,105.464,0.498958
M1,293,105.475,0.417708
M2,97,105.475,0.347917
M0,48,105.811,0.24375
M1,97,105.823,0.139583
M2,293,105.962,0.4875
M0,97,105.962,0.151042
M1,130,106.136,0.417708
M2,55,106.229,0.151042
M0,164,106.229,0.139583
M1,329,106.474,0.151042
M2,164,106.52,0.1625
M0,110,106.555,0.1625
M1,55,106.648,0.302083
M2,110,106.775,0.302083
M0,329,106.786,0.151042
M1,220,106.786,0.278125
M2,261,106.961,0.220833
M0,55,107.054,0.139583
M1,195,107.124,0.139583
M2,987,107.135,0.140625
M0,659,107.135,0.163542
M1,329,107.135,0.35
M2,164,107.135,0.395833
M0,82,107.24,0.198958
M1,82,107.439,0.209375
M2,41,107.45,0.685417
M0,293,107.461,0.209375
M1,48,107.554,0.139583
M2,195,107.601,0.371875
M0,82,107.647,0.290625
M1,164,107.671,0.742708
M2,261,107.741,0.313542
M0,82,107.937,0.196875
M1,293,108.077,0.464583
M2,195,108.1,0.266667
M0,82,108.135,0.290625
M1,587,108.285,0.151042
M2,41,108.368,0.290625
M0,82,108.425,0.290625
M1,48,108.472,0.209375
M2,87,108.727,0.139583
M0,195,108.75,0.185417
M1,87,108.867,0.173958
M2,43,108.878,0.384375
M0,261,108.924,0.290625
M1,523,108.959,0.24375
M2,51,108.971,0.196875
M0,220,108.982,0.407292
M1,174,109.006,0.25625
M2,87,109.041,0.303125
M0,43,109.262,0.557292
M1,87,109.378,0.453125
M2,220,109.391,0.672917
M0,261,109.436,0.580208
M1,130,109.739,0.139583
M2,48,110.017,0.638542
M0,195,110.041,0.302083
M1,97,110.11,0.290625
M2,293,110.156,0.40625
M0,246,110.179,0.347917
M1,493,110.273,0.302083
M2,97,110.4,0.615625
M0,48,110.668,0.313542
M1,246,110.725,0.302083
M2,293,110.76,0.209375
M0,48,110.98,0.59375
M1,97,111.016,0.25625
M2,246,111.039,0.244792
M0,293,111.12,0.175
M1,65,111.423,0.139583
M2,130,111.434,0.173958
M0,195,111.481,0.441667
M1,65,111.562,0.1625
M2,65,111.725,0.255208
M0,261,111.736,0.290625
M1,130,111.748,0.196875
M2,349,111.853,0.778125
M0,65,111.98,0.4875
M1,391,112.004,0.255208
M2,195,112.016,0.325
M0,261,112.027,1.27812
M1,130,112.085,0.417708
M2,523,112.41,0.40625
M0,65,112.468,0.185417
M1,130,112.515,0.151042
M2,65,112.654,0.209375
M0,195,112.666,0.151042
M1,130,112.666,0.151042
M2,329,112.666,0.976042
M0,195,112.817,0.232292
M1,130,112.817,0.371875
M2,65,112.862,0.196875
M0,195,113.049,0.151042
M1,65,113.06,0.221875
M2,130,113.187,0.477083
M0,65,113.282,0.476042
M1,261,113.305,0.545833
M2,195,113.305,0.371875
M0,1318,113.317,0.173958
M1,130,113.666,0.1625
M2,65,113.758,0.173958
M0,65,113.932,0.185417
M1,880,113.955,0.336458
M2,523,113.955,0.429167
M0,261,113.955,0.604167
M1,174,113.955,0.615625
M2,130,113.955,0.255208
M0,87,114.014,1.08021
M1,220,114.28,0.278125
M2,391,114.454,0.580208
M0,1318,114.605,0.290625
M1,440,114.605,0.302083
M2,261,114.605,0.1625
M0,174,114.71,0.173958
M1,261,114.768,0.454167
M2,1396,114.943,0.280208
M0,195,115.093,0.163542
M1,1567,115.105,0.140625
M2,87,115.105,0.140625
M0,293,115.117,0.140625
M1,987,115.257,0.313542
M2,195,115.257,0.417708
M0,97,115.257,0.185417
M1,493,115.269,0.220833
M2,246,115.269,0.302083
M0,1567,115.397,0.151042
M1,1318,115.907,0.336458
M2,1396,116.244,0.209375
M0,1567,116.406,0.151042
M1,783,116.569,0.196875
M2,1046,116.58,0.151042
M0,440,116.58,0.232292
M1,220,116.58,0.464583
M2,110,116.58,0.278125
M0,195,116.731,0.1625
M1,1567,116.894,0.1625
M2,195,116.894,0.278125
M0,523,116.905,0.185417
M1,261,116.905,0.303125
M2,391,117.068,0.314583
M0,195,117.207,0.163542
M1,1318,117.208,0.453125
M2,261,117.208,0.1625
M0,261,117.371,0.498958
M1,195,117.371,0.173958
M2,110,117.418,0.209375
M0,440,117.441,0.220833
M1,1760,117.546,0.151042
M2,195,117.546,0.1625
M0,1567,117.708,0.591667
M1,195,117.708,0.290625
M2,587,117.859,0.347917
M0,164,117.859,0.313542
M1,783,117.871,0.56875
M2,493,117.871,0.185417
M0,329,117.871,0.266667
M1,246,117.871,0.209375
M2,82,117.871,0.336458
M0,293,118.532,0.185417
M1,1318,118.544,0.417708
M2,1046,118.857,0.278125
M0,261,118.974,0.139583
M1,659,119.171,0.291667
M2,87,119.171,1.05729
M0,1174,119.182,0.140625
M1,523,119.182,0.233333
M2,261,119.182,0.198958
M0,174,119.182,0.488542
M1,349,119.404,0.151042
M2,220,119.509,0.1625
M0,880,119.659,0.290625
M1,391,119.672,0.290625
M2,220,119.672,0.290625
M0,174,119.672,0.313542
M1,1318,119.822,0.302083
M2,261,119.822,0.173958
M0,440,119.834,0.347917
M1,174,119.984,0.173958
M2,261,119.997,0.1625
M0,1046,120.159,0.232292
M1,261,120.159,0.278125
M2,174,120.159,0.151042
M0,87,120.229,0.220833
M1,174,120.31,0.139583
M2,987,120.484,0.278125
M0,587,120.484,0.313542
M1,195,120.542,0.464583
M2,1318,120.809,0.278125
M0,1318,121.228,0.24375
M1,1174,121.345,0.196875
M2,1046,121.46,0.325
M0,130,121.774,0.4875
M1,1046,121.785,0.302083
M2,523,121.785,0.336458
M0,261,121.785,0.336458
M1,195,121.948,0.1625
M2,391,122.11,0.151042
M0,195,122.11,0.220833
M1,523,122.123,0.151042
M2,261,122.123,0.232292
M0,293,122.261,0.173958
M1,130,122.261,0.1625
M2,523,122.273,0.1625
M0,261,122.424,0.336458
M1,130,122.424,0.661458
M2,523,122.435,0.1625
M0,293,122.435,0.185417
M1,698,122.598,0.453125
M2,523,122.598,0.360417
M0,195,122.598,0.453125
M1,97,122.656,0.173958
M2,261,122.761,0.1625
M0,261,122.924,0.1625
M1,261,123.086,0.628125
M2,130,123.086,0.535417
M0,659,123.109,0.280208
M1,195,123.296,0.313542
M2,87,124.469,0.173958
M0,43,124.469,0.185417
M1,261,124.829,0.151042
M2,523,124.899,0.209375
M0,87,124.91,0.232292
M1,43,124.91,0.185417
M2,43,125.329,0.151042
M0,48,125.643,0.498958
M1,246,125.701,0.394792
M2,97,125.712,0.139583
M0,48,126.153,0.151042
M1,48,126.304,0.383333
M2,261,126.525,0.278125
M0,48,126.687,0.266667
M1,164,127.082,0.152083
M2,110,127.094,0.129167
M0,55,127.105,0.140625
M1,261,127.129,0.1875
M2,51,127.27,0.24375
M0,261,127.316,0.290625
M1,261,127.665,0.139583
M2,261,127.803,0.313542
M0,41,128.337,0.325
M1,293,128.36,0.139583
M2,246,128.373,0.302083
M0,82,128.442,0.151042
M1,220,128.791,0.173958
M2,41,128.791,0.266667
M0,82,128.942,0.151042
M1,220,128.965,0.163542
M2,164,129.128,0.139583
M0,82,129.302,0.139583
M1,261,129.315,0.1625
M2,43,129.685,0.220833
M0,87,129.744,0.266667
M1,261,129.802,0.209375
M2,261,130.01,0.173958
M0,87,130.01,0.209375
M1,261,130.452,0.24375
M2,195,130.475,0.1625
M0,43,130.556,0.139583
M1,48,130.87,0.546875
M2,261,130.917,0.210417
M0,48,131.428,0.4875
M1,261,131.73,0.24375
M2,195,131.811,0.151042
M0,48,131.916,0.220833
M1,130,132.31,0.139583
M2,65,132.322,0.139583
M0,65,132.461,0.394792
M1,65,132.856,0.185417
M2,195,133.114,0.185417
M0,65,133.508,0.1625
M1,65,133.671,0.313542
M2,195,133.926,0.151042
M0,65,133.984,0.151042
M1,65,134.134,0.185417
M2,195,134.414,0.336458
M0,261,134.495,0.209375
M1,130,134.518,0.151042
M2,48,134.529,0.209375
M0,55,134.542,0.139583
M1,65,134.565,0.139583
M2,65,134.704,0.302083
M0,43,134.843,0.25625
M1,87,134.948,0.198958
M2,261,134.994,0.152083
M0,43,135.111,0.719792
M1,261,135.146,0.278125
M2,87,135.146,0.302083
M0,87,135.471,0.40625
M1,261,135.483,0.232292
M2,293,135.669,0.1625
M0,43,135.831,0.220833
M1,48,136.122,1
M2,261,136.481,0.220833
M0,293,137.004,0.129167
M1,97,137.004,0.129167
M2,48,137.132,0.394792
M0,110,137.481,0.185417
M1,55,137.54,0.151042
M2,261,137.736,0.209375
M0,261,137.946,0.151042
M1,523,137.957,0.1625
M2,261,138.097,0.266667
M0,293,138.282,0.429167
M1,220,138.573,0.196875
M2,82,138.747,0.139583
M0,41,138.758,0.3375
M1,48,138.851,0.151042
M2,82,138.885,0.139583
M0,82,139.224,0.290625
M1,41,139.224,0.173958
M2,261,139.258,0.173958
M0,261,139.433,0.1625
M1,164,139.583,0.185417
M2,293,139.607,0.371875
M0,48,139.758,0.302083
M1,41,139.77,0.1625
M2,43,140.072,0.56875
M0,87,140.187,0.24375
M1,523,140.28,0.313542
M2,261,140.292,0.173958
M0,87,140.431,0.220833
M1,261,140.466,0.209375
M2,43,140.652,0.477083
M0,261,140.907,0.233333
M1,48,141.303,0.65
M2,523,141.698,0.232292
M0,261,141.698,0.302083
M1,48,141.965,0.347917
M2,261,142.185,0.151042
M0,48,142.314,0.302083
M1,65,142.697,0.139583
M2,130,142.778,0.454167
M0,65,142.835,0.1625
M1,65,142.998,0.280208
M2,261,143.01,0.129167
M0,261,143.139,0.185417
M1,65,143.278,0.336458
M2,261,143.325,0.441667
M0,130,143.382,0.522917
M1,65,143.615,0.347917
M2,65,143.964,0.232292
M0,659,144.102,0.336458
M1,130,144.137,0.40625
M2,523,144.149,0.290625
M0,261,144.149,0.661458
M1,65,144.196,0.266667
M2,523,144.44,0.744792
M0,65,144.462,0.220833
M1,329,144.474,0.429167
M2,130,144.695,0.523958
M0,65,144.916,0.163542
M1,65,145.079,0.173958
M2,130,145.253,0.1625
M0,65,145.253,0.24375
M1,261,145.323,0.498958
M2,174,145.357,0.498958
M0,87,145.357,0.534375
M1,43,145.381,0.4875
M2,523,145.602,0.139583
M0,220,145.625,0.220833
M1,130,145.659,0.185417
M2,523,145.752,0.336458
M0,43,145.869,0.220833
M1,329,146.031,0.173958
M2,261,146.054,0.173958
M0,87,146.054,0.302083
M1,43,146.228,0.185417
M2,391,146.391,0.40625
M0,48,146.519,1
M1,195,146.577,0.24375
M2,391,146.925,0.210417
M0,97,146.96,0.198958
M1,293,146.96,0.163542
M2,329,147.217,0.151042
M0,293,147.264,0.40625
M1,261,147.345,0.151042
M2,329,147.368,0.139583
M0,48,147.53,0.4875
M1,97,147.542,0.290625
M2,195,147.693,0.557292
M0,391,147.704,0.278125
M1,261,147.867,0.336458
M2,110,147.867,0.220833
M0,440,147.959,0.139583
M1,55,148.006,0.139583
M2,391,148.192,0.24375
M0,329,148.192,0.278125
M1,261,148.203,0.173958
M2,110,148.32,0.185417
M0,164,148.366,0.139583
M1,261,148.378,0.24375
M2,164,148.505,0.151042
M0,55,148.517,0.173958
M1,261,148.703,0.266667
M2,220,148.83,0.175
M0,195,149.099,0.185417
M1,164,149.169,0.394792
M2,82,149.18,0.498958
M0,41,149.192,0.870833
M1,246,149.192,0.266667
M2,55,149.261,0.173958
M0,195,149.296,0.336458
M1,391,149.296,0.1625
M2,48,149.32,0.196875
M0,164,149.564,0.185417
M1,195,149.632,0.139583
M2,82,149.679,0.173958
M0,329,149.819,0.313542
M1,195,149.819,0.266667
M2,82,149.853,0.255208
M0,246,149.889,0.220833
M1,293,149.889,0.196875
M2,164,149.993,0.220833
M0,82,150.108,0.173958
M1,55,150.108,0.255208
M2,220,150.132,0.151042
M0,261,150.155,0.278125
M1,164,150.214,0.209375
M2,48,150.214,0.173958
M0,82,150.283,0.151042
M1,293,150.492,0.209375
M2,246,150.516,0.139583
M0,48,150.539,0.151042
M1,87,150.584,0.290625
M2,43,150.62,0.826042
M0,174,150.794,0.244792
M1,220,150.805,0.175
M2,87,150.875,0.5
M0,220,150.981,0.290625
M1,261,151.295,0.290625
M2,43,151.445,0.139583
M0,48,151.771,0.940625
M1,293,151.794,0.417708
M2,97,151.794,0.220833
M0,246,151.805,0.185417
M1,493,151.817,0.255208
M2,97,152.015,0.278125
M0,523,152.281,0.220833
M1,97,152.293,0.4875
M2,246,152.536,0.173958
M0,293,152.595,0.185417
M1,48,152.722,0.173958
M2,195,152.769,0.139583
M0,293,152.78,0.233333
M1,97,152.78,0.43125
M2,391,152.803,0.233333
M0,48,152.897,0.140625
M1,659,153.095,0.476042
M2,329,153.095,0.522917
M0,130,153.13,0.278125
M1,195,153.142,0.325
M2,261,153.165,0.347917
M0,65,153.2,0.196875
M1,65,153.397,0.1625
M2,130,153.408,0.266667
M0,65,153.559,0.139583
M1,293,153.582,0.139583
M2,246,153.595,0.371875
M0,65,153.699,0.185417
M1,293,153.733,0.278125
M2,195,153.757,0.139583
M0,65,153.884,0.196875
M1,195,153.896,0.823958
M2,48,154.047,0.1625
M0,65,154.082,0.151042
M1,130,154.105,0.139583
M2,261,154.256,0.139583
M0,130,154.256,0.75625
M1,65,154.291,0.151042
M2,329,154.396,0.266667
M0,261,154.396,0.429167
M1,65,154.442,0.1625
M2,65,154.604,0.302083
M0,195,154.721,0.220833
M1,261,154.825,0.140625
M2,329,154.883,0.152083
M0,65,154.906,0.129167
M1,65,155.035,0.476042
M2,329,155.047,0.24375
M0,261,155.105,0.1625
M1,130,155.372,0.290625
M2,48,155.383,0.232292
M0,65,155.511,0.1625
M1,65,155.674,0.232292
M2,261,155.685,0.591667
M0,174,155.685,0.615625
M1,130,155.697,0.302083
M2,880,155.778,0.196875
M0,43,155.814,0.266667
M1,87,155.825,0.498958
M2,523,156.196,0.302083
M0,43,156.277,0.522917
M1,87,156.498,0.278125
M2,261,156.522,0.139583
M0,174,156.568,0.232292
M1,391,156.834,0.43125
M2,261,156.847,0.280208
M0,195,156.847,0.43125
M1,48,156.941,0.325
M2,97,156.964,0.510417
M0,493,157.01,0.173958
M1,48,157.277,0.185417
M2,48,157.464,0.24375
M0,97,157.486,0.173958
M1,97,157.66,0.325
M2,329,157.672,0.232292
M0,48,157.707,0.278125
M1,261,157.823,0.151042
M2,97,157.985,0.151042
M0,48,157.985,0.453125
M1,97,158.136,0.325
M2,261,158.159,0.139583
M0,195,158.252,0.290625
M1,261,158.299,0.313542
M2,164,158.415,0.185417
M0,110,158.427,0.151042
M1,55,158.439,0.139583
M2,51,158.601,0.24375
M0,261,158.613,0.209375
M1,261,158.822,0.314583
M2,55,158.856,0.326042
M0,195,159.125,0.360417
M1,440,159.136,0.209375
M2,329,159.136,0.24375
M0,261,159.136,0.266667
M1,220,159.136,0.139583
M2,110,159.159,0.185417
M0,220,159.275,0.1625
M1,48,159.403,0.371875
M2,195,159.484,0.383333
M0,97,159.484,0.1625
M1,391,159.507,0.325
M2,493,159.613,0.278125
M0,164,159.613,0.151042
M1,82,159.613,0.151042
M2,329,159.613,0.1625
M0,41,159.635,1.02187
M1,246,159.682,0.196875
M2,55,159.751,0.1625
M0,164,159.764,0.441667
M1,82,159.764,0.139583
M2,48,159.775,0.185417
M0,82,159.926,0.185417
M1,195,159.996,0.580208
M2,82,160.111,0.278125
M0,293,160.111,0.232292
M1,329,160.285,0.290625
M2,246,160.321,0.290625
M0,293,160.355,0.209375
M1,164,160.425,0.290625
M2,82,160.588,0.232292
M0,261,160.622,0.151042
M1,48,160.634,0.209375
M2,41,160.657,0.1625
M0,293,160.914,0.325
M1,174,160.925,0.185417
M2,87,160.96,0.173958
M0,43,161.042,0.185417
M1,87,161.227,0.347917
M2,293,161.239,0.196875
M0,43,161.39,0.453125
M1,220,161.425,0.441667
M2,261,161.576,0.1625
M0,87,161.576,0.255208
M1,261,161.739,0.266667
M2,43,161.854,0.1625
M0,48,162.202,0.302083
M1,97,162.215,0.151042
M2,391,162.226,0.313542
M0,293,162.226,0.336458
M1,97,162.365,0.476042
M2,48,162.516,0.605208
M0,293,162.563,0.185417
M1,293,162.748,0.151042
M2,293,162.899,0.25625
M0,261,162.935,0.278125
M1,48,163.121,0.360417
M2,97,163.202,0.209375
M0,261,163.225,0.302083
M1,195,163.225,1.3
M2,261,163.527,1.39479
M0,130,163.574,1.08021
M1,65,163.597,0.220833
M2,65,163.818,0.325
M0,349,164.026,0.801042
M1,65,164.143,0.510417
M2,195,164.596,0.266667
M0,65,164.653,0.196875
M1,130,164.665,0.185417
M2,523,164.734,0.35
M0,329,164.84,0.605208
M1,130,164.851,0.129167
M2,65,164.851,0.35
M0,195,164.863,0.3375
M1,130,164.98,0.429167
M2,523,165.096,0.139583
M0,261,165.177,0.185417
M1,195,165.2,0.185417
M2,65,165.2,0.232292
M0,523,165.235,0.196875
M1,65,165.432,0.220833
M2,293,165.479,0.429167
M0,195,165.479,0.302083
M1,65,165.653,0.139583
M2,65,165.793,0.151042
M0,65,165.944,0.196875
M1,65,166.141,0.196875
M2,43,166.188,0.534375
M0,174,166.233,0.663542
M1,87,166.246,0.209375
M2,220,166.361,0.40625
M0,523,166.373,0.4875
M1,87,166.454,0.313542
M2,110,166.477,0.1625
M0,43,166.733,0.488542
M1,220,166.768,0.43125
M2,87,166.768,0.384375
M0,329,166.849,0.1875
M1,261,166.943,0.290625
M2,110,166.99,0.196875
M0,523,167.001,0.371875
M1,87,167.152,0.290625
M2,48,167.419,0.313542
M0,97,167.477,0.232292
M1,246,167.5,1.12604
M2,195,167.594,0.290625
M0,293,167.605,0.591667
M1,48,167.745,0.627083
M2,97,167.86,0.151042
M0,97,168.093,0.325
M1,293,168.197,0.302083
M2,48,168.371,0.325
M0,97,168.418,0.24375
M1,293,168.499,0.663542
M2,195,168.79,0.280208
M0,110,168.813,0.210417
M1,51,169.023,0.24375
M2,261,169.069,0.952083
M0,164,169.174,0.151042
M1,110,169.22,0.139583
M2,391,169.231,0.1625
M0,55,169.371,0.313542
M1,110,169.382,0.232292
M2,391,169.394,0.173958
M0,220,169.394,0.209375
M1,195,169.394,0.347917
M2,329,169.441,0.266667
M0,164,169.488,0.545833
M1,329,169.72,0.40625
M2,130,169.72,0.266667
M0,164,170.045,0.360417
M1,82,170.056,0.266667
M2,41,170.068,0.708333
M0,246,170.102,0.196875
M1,55,170.138,0.173958
M2,48,170.16,0.139583
M0,82,170.323,0.360417
M1,65,170.346,0.255208
M2,164,170.404,0.220833
M0,261,170.497,0.196875
M1,195,170.497,0.5125
M2,82,170.683,0.1875
M0,293,170.706,0.407292
M1,246,170.765,0.25625
M2,164,170.822,0.488542
M0,48,171.009,0.498958
M1,41,171.068,0.1625
M2,82,171.079,0.209375
M0,261,171.346,0.278125
M1,87,171.346,0.151042
M2,195,171.404,0.139583
M0,43,171.416,0.89375
M1,87,171.497,0.209375
M2,220,171.659,0.336458
M0,87,171.706,0.766667
M1,261,171.845,0.139583
M2,261,171.996,0.151042
M0,220,171.996,0.627083
M1,261,172.147,0.302083
M2,523,172.158,0.347917
M0,43,172.321,0.1625
M1,48,172.623,0.953125
M2,97,172.681,0.1875
M0,493,172.716,0.41875
M1,293,172.808,0.779167
M2,97,172.868,0.151042
M0,97,173.019,0.139583
M1,246,173.019,0.139583
M2,97,173.158,0.464583
M0,246,173.332,0.870833
M1,48,173.588,0.441667
M2,97,173.623,0.278125
M0,195,173.657,0.1625
M1,587,173.995,0.255208
M2,195,174.006,0.557292
M0,65,174.088,0.185417
M1,65,174.273,0.209375
M2,261,174.296,0.196875
M0,65,174.482,0.569792
M1,261,174.633,0.303125
M2,130,174.691,0.361458
M0,195,174.726,0.488542
M1,48,174.783,0.221875
M2,261,174.936,0.56875
M0,65,175.052,0.24375
M1,130,175.273,0.604167
M2,65,175.296,0.139583
M0,329,175.354,0.139583
M1,65,175.435,0.266667
M2,261,175.505,0.371875
M0,65,175.702,0.173958
M1,65,175.876,0.510417
M2,293,175.993,0.302083
M0,523,176.004,0.151042
M1,130,176.051,0.151042
M2,130,176.259,0.266667
M0,65,176.388,0.360417
M1,174,176.561,0.582292
M2,87,176.573,0.173958
M0,43,176.69,0.384375
M1,87,176.747,0.129167
M2,220,176.758,1.01146
M0,87,176.876,0.336458
M1,43,177.074,0.464583
M2,87,177.213,0.441667
M0,261,177.224,0.336458
M1,174,177.433,0.255208
M2,43,177.538,0.185417
M0,261,177.7,0.266667
M1,48,177.851,0.661458
M2,97,177.909,0.453125
M0,293,178.038,0.826042
M1,97,178.363,0.151042
M2,97,178.514,0.35
M0,48,178.525,0.303125
M1,246,178.548,0.558333
M2,48,178.828,0.464583
M0,293,178.863,0.313542
M1,97,178.863,0.1625
M2,195,179.025,0.139583
M0,97,179.025,0.266667
M1,293,179.176,0.290625
M2,164,179.257,0.173958
M0,110,179.269,0.196875
M1,55,179.269,0.151042
M2,195,179.49,0.24375
M0,164,179.501,0.278125
M1,329,179.513,0.441667
M2,110,179.618,0.151042
M0,55,179.699,0.476042
M1,110,179.803,0.347917
M2,220,179.826,0.313542
M0,261,179.989,0.266667
M1,659,180.186,0.173958
M2,329,180.186,0.4875
M0,41,180.5,0.709375
M1,164,180.546,0.523958
M2,82,180.546,0.220833
M0,55,180.627,0.139583
M1,82,180.815,0.139583
M2,329,180.849,0.220833
M0,195,180.884,0.173958
M1,261,180.943,0.173958
M2,82,180.954,0.139583
M0,82,181.117,0.371875
M1,293,181.128,0.591667
M2,195,181.128,0.347917
M0,164,181.291,0.429167
M1,55,181.383,0.185417
M2,48,181.453,0.347917
M0,82,181.488,0.255208
M1,41,181.5,0.196875
M2,195,181.65,0.325
M0,87,181.801,0.196875
M1,43,181.836,1.01146
M2,261,181.988,0.139583
M0,87,181.999,0.429167
M1,220,182.033,1.05729
M2,110,182.033,0.185417
M0,174,182.15,0.139583
M1,130,182.15,0.209375
M2,523,182.15,0.196875
M0,87,182.428,0.442708
M1,261,182.615,0.41875
M2,48,183.045,0.325
M0,97,183.115,0.464583
M1,493,183.23,0.40625
M2,293,183.243,0.1625
M0,246,183.381,0.209375
M1,48,183.381,0.173958
M2,293,183.417,0.185417
M0,48,183.556,0.1625
M1,97,183.579,0.545833
M2,48,183.719,0.313542
M0,293,183.753,0.313542
M1,246,183.8,0.557292
M2,48,184.031,0.336458
M0,97,184.125,0.173958
M1,195,184.125,0.232292
M2,293,184.148,0.1625
M0,65,184.484,0.209375
M1,65,184.694,0.198958
M2,130,184.728,0.129167
M0,349,184.88,0.638542
M1,65,184.893,0.139583
M2,195,185.031,0.325
M0,65,185.031,0.476042
M1,261,185.067,0.464583
M2,130,185.09,0.429167
M0,65,185.507,0.185417
M1,261,185.531,0.220833
M2,130,185.531,0.185417
M0,65,185.694,0.185417
M1,329,185.705,0.4875
M2,130,185.717,0.139583
M0,195,185.728,0.580208
M1,261,185.751,0.870833
M2,130,185.856,0.429167
M0,65,185.879,0.290625
M1,65,186.17,0.151042
M2,329,186.204,0.522917
M0,65,186.32,0.371875
M1,195,186.355,0.582292
M2,65,186.692,0.129167
M0,130,186.715,0.5
M1,220,186.763,0.220833
M2,65,186.821,0.313542
M0,659,187.006,0.232292
M1,174,187.006,0.313542
M2,261,187.042,0.498958
M0,87,187.065,1.4625
M1,329,187.669,0.302083
M2,261,187.692,0.173958
M0,220,188.121,0.604167
M1,97,188.389,0.278125
M2,195,188.527,0.196875
M0,97,188.678,1.05729
M1,220,188.725,0.361458
M2,195,189.005,0.591667
M0,293,189.109,0.1625
M1,293,189.283,0.394792
M2,391,189.608,0.196875
M0,523,189.62,0.371875
M1,110,189.62,1.58021
M2,261,189.725,0.371875
M0,391,189.806,0.290625
M1,329,189.992,0.290625
M2,391,190.096,0.941667
M0,261,190.107,0.476042
M1,329,190.294,0.697917
M2,261,190.583,0.314583
M0,523,190.595,0.244792
M1,493,190.91,0.196875
M2,164,190.91,0.4875
M0,587,190.922,0.1625
M1,293,190.922,0.313542
M2,195,190.979,0.534375
M0,493,191.107,0.209375
M1,293,191.235,0.464583
M2,329,191.398,0.185417
M0,164,191.398,0.557292
M1,391,191.56,0.278125
M2,195,191.56,0.347917
M0,261,191.711,0.139583
M1,293,191.781,0.464583
M2,246,191.85,0.173958
M0,220,192.001,0.24375
M1,174,192.222,0.464583
M2,440,192.245,0.185417
M0,87,192.292,0.43125
M1,261,192.315,0.442708
M2,349,192.547,0.198958
M0,220,192.617,0.326042
M1,440,192.71,0.347917
M2,293,192.723,0.139583
M0,87,192.734,1.05625
M1,1318,192.897,0.209375
M2,329,192.897,0.290625
M0,523,193.035,0.220833
M1,220,193.326,0.40625
M2,493,193.535,0.476042
M0,195,193.535,0.209375
M1,97,193.581,0.151042
M2,97,193.732,0.139583
M0,195,193.744,0.139583
M1,97,193.872,0.627083
M2,220,193.906,0.313542
M0,523,194.011,0.429167
M1,195,194.244,0.255208
M2,293,194.348,0.151042
M0,493,194.488,0.151042
M1,195,194.499,0.280208
M2,97,194.499,0.326042
M0,293,194.51,0.384375
M1,587,194.825,0.545833
M2,130,194.825,2.53229
M0,97,194.825,0.220833
M1,261,195.01,0.151042
M2,195,195.023,0.266667
M0,261,195.174,0.151042
M1,195,195.29,0.347917
M2,391,195.313,0.290625
M0,329,195.313,0.196875
M1,261,195.324,0.615625
M2,329,195.51,0.139583
M0,587,195.638,0.347917
M1,195,195.638,0.498958
M2,329,195.649,0.139583
M0,391,195.928,0.196875
M1,391,196.138,0.371875
M2,659,196.149,0.325
M0,440,196.149,0.569792
M1,293,196.149,0.1625
M2,293,196.311,0.185417
M0,195,196.59,0.639583
M1,293,196.777,0.209375
M2,329,196.998,0.209375
M0,493,197.067,0.232292
M1,174,197.45,0.963542
M2,440,197.624,1.13854
M0,880,197.636,0.615625
M1,261,197.636,0.417708
M2,87,197.752,1.22083
M0,220,197.786,1.24375
M1,329,198.077,0.697917
M2,880,198.251,0.465625
M0,261,198.251,0.336458
M1,174,198.414,0.25625
M2,261,198.589,0.291667
M0,493,198.741,0.209375
M1,97,198.752,0.476042
M2,440,198.764,0.232292
M0,783,198.833,0.24375
M1,587,198.938,0.498958
M2,440,198.996,0.1625
M0,246,199.054,0.173958
M1,293,199.066,0.209375
M2,195,199.077,0.255208
M0,440,199.158,0.347917
M1,246,199.228,0.255208
M2,97,199.228,0.986458
M0,261,199.553,0.173958
M1,493,199.576,0.1625
M2,246,199.727,0.1625
M0,493,199.739,0.290625
M1,440,199.82,0.139583
M2,246,199.89,0.151042
M0,391,200.052,0.232292
M1,261,200.052,0.40625
M2,110,200.075,0.313542
M0,659,200.273,0.290625
M1,293,200.54,0.152083
M2,261,200.692,0.196875
M0,659,200.75,0.336458
M1,329,200.75,0.4875
M2,164,200.75,0.139583
M0,110,200.82,0.604167
M1,261,200.89,0.290625
M2,195,200.994,0.255208
M0,293,201.249,0.371875
M1,493,201.354,0.325
M2,164,201.389,0.40625
M0,195,201.679,0.255208
M1,97,201.691,0.266667
M2,164,201.795,0.290625
M0,195,201.993,0.290625
M1,293,202.016,0.313542
M2,164,202.085,0.255208
M0,329,202.097,0.196875
M1,97,202.12,0.266667
M2,293,202.329,0.1625
M0,261,202.329,0.24375
M1,164,202.341,0.24375
M2,293,202.492,0.163542
M0,174,202.644,0.476042
M1,87,202.644,0.151042
M2,293,202.655,0.290625
M0,87,202.795,0.476042
M1,261,202.946,0.173958
M2,220,202.957,0.1625
M0,261,203.131,0.1625
M1,87,203.271,0.522917
M2,329,203.294,0.4875
M0,261,203.294,0.185417
M1,220,203.341,0.383333
M2,261,203.48,0.325
M0,174,203.63,0.139583
M1,329,203.781,0.278125
M2,87,203.793,0.266667
M0,261,203.805,0.278125
M1,587,203.968,0.139583
M2,97,204.06,0.220833
M0,587,204.106,0.290625
M1,293,204.106,0.173958
M2,391,204.281,0.173958
M0,293,204.281,0.196875
M1,97,204.281,0.196875
M2,246,204.281,0.266667
M0,391,204.455,0.280208
M1,293,204.478,0.163542
M2,97,204.478,0.152083
M0,261,204.618,0.163542
M1,97,204.63,0.151042
M2,329,204.781,0.139583
M0,246,204.781,0.139583
M1,97,204.781,0.173958
M2,329,204.921,0.24375
M0,261,204.944,0.1625
M1,391,204.955,0.266667
M2,97,204.955,0.591667
M0,246,205.106,0.185417
M1,246,205.292,0.209375
M2,130,205.292,1.52187
M0,329,205.467,0.290625
M1,195,205.594,0.325
M2,261,205.605,0.302083
M0,349,205.756,0.754167
M1,261,205.907,0.476042
M2,195,205.919,0.1625
M0,391,205.943,0.185417
M1,195,206.081,0.151042
M2,195,206.232,0.336458
M0,261,206.383,0.41875
M1,329,206.569,0.605208
M2,195,206.569,0.314583
M0,261,206.803,0.196875
M1,130,206.815,0.302083
M2,195,206.884,0.266667
M0,261,207,0.220833
M1,329,207.174,0.151042
M2,261,207.221,0.290625
M0,130,207.255,0.220833
M1,329,207.325,0.139583
M2,87,207.465,0.173958
M0,391,207.708,0.266667
M1,261,207.801,0.383333
M2,174,207.859,0.290625
M0,130,207.871,0.209375
M1,65,207.929,0.1625
M2,87,207.964,0.522917
M0,43,207.975,0.325
M1,523,208.056,0.313542
M2,174,208.15,0.313542
M0,523,208.381,0.291667
M1,43,208.544,0.129167
M2,329,208.616,0.173958
M0,261,208.661,0.196875
M1,48,209.103,0.360417
M2,195,209.184,0.24375
M0,391,209.196,0.56875
M1,48,209.474,0.313542
M2,293,209.579,0.65
M0,97,209.672,0.4875
M1,48,209.788,0.360417
M2,329,209.974,0.151042
M0,261,209.974,0.151042
M1,48,210.148,0.477083
M2,97,210.159,0.173958
M0,391,210.31,0.173958
M1,195,210.322,0.1625
M2,97,210.333,0.25625
M0,261,210.415,0.488542
M1,195,210.484,0.326042
M2,329,210.543,0.3375
M0,110,210.566,0.175
M1,55,210.614,0.139583
M2,659,210.636,0.302083
M0,391,210.799,0.266667
M1,261,210.916,0.383333
M2,329,210.961,0.151042
M0,55,211.02,0.336458
M1,110,211.09,0.24375
M2,329,211.113,0.24375
M0,220,211.171,0.24375
M1,587,211.182,0.255208
M2,261,211.298,0.290625
M0,220,211.426,0.1625
M1,195,211.681,0.545833
M2,82,211.705,0.220833
M0,48,211.705,0.360417
M1,391,211.751,0.302083
M2,329,211.798,0.173958
M0,41,211.809,0.672917
M1,164,211.868,0.220833
M2,82,211.925,0.185417
M0,55,211.925,0.139583
M1,48,212.076,0.1625
M2,164,212.099,0.24375
M0,82,212.111,0.1625
M1,195,212.239,0.139583
M2,82,212.274,0.535417
M0,329,212.436,0.326042
M1,195,212.436,0.372917
M2,164,212.6,0.173958
M0,41,212.647,0.151042
M1,55,212.716,0.278125
M2,220,212.74,0.173958
M0,261,212.751,0.325
M1,82,212.809,0.196875
M2,41,212.809,0.220833
M0,48,212.832,0.371875
M1,195,212.914,0.139583
M2,293,213.088,0.209375
M0,87,213.192,0.742708
M1,43,213.227,0.963542
M2,220,213.482,0.232292
M0,523,213.9,0.290625
M1,261,213.981,0.209375
M2,48,214.376,0.639583
M0,493,214.4,0.233333
M1,293,214.4,0.488542
M2,97,214.4,0.582292
M0,246,214.411,0.198958
M1,48,215.028,0.278125
M2,293,215.04,0.151042
M0,97,215.04,0.360417
M1,246,215.167,0.1625
M2,293,215.191,0.139583
M0,48,215.306,0.383333
M1,293,215.376,0.232292
M2,391,215.388,0.255208
M0,97,215.399,0.417708
M1,659,215.701,0.429167
M2,329,215.701,0.476042
M0,65,215.701,0.209375
M1,195,215.748,0.360417
M2,261,215.759,0.336458
M0,130,215.805,0.476042
M1,65,215.91,0.255208
M2,65,216.166,0.1625
M0,293,216.211,0.41875
M1,65,216.328,0.221875
M2,246,216.375,0.139583
M0,261,216.525,0.221875
M1,195,216.525,0.140625
M2,195,216.666,0.336458
M0,130,216.69,0.151042
M1,65,216.747,0.24375
M2,130,216.852,0.545833
M0,329,216.898,0.952083
M1,261,216.922,0.220833
M2,65,216.991,0.139583
M0,65,217.13,0.336458
M1,261,217.153,0.383333
M2,195,217.27,0.151042
M0,659,217.385,0.173958
M1,130,217.398,0.220833
M2,65,217.467,0.151042
M0,65,217.618,0.371875
M1,261,217.665,0.266667
M2,48,217.978,0.196875
M0,65,217.99,0.151042
M1,65,218.141,0.383333
M2,174,218.338,0.558333
M0,43,218.361,0.25625
M1,87,218.419,0.988542
M2,43,218.78,0.580208
M0,220,219.035,0.151042
M1,880,219.186,0.173958
M2,261,219.442,0.220833
M0,195,219.442,0.371875
M1,48,219.558,0.336458
M2,391,219.581,0.290625
M0,97,219.674,0.441667
M1,48,219.906,0.651042
M2,97,220.116,0.477083
M0,329,220.278,0.244792
M1,261,220.278,0.303125
M2,48,220.558,0.325
M0,97,220.593,0.232292
M1,195,220.755,0.417708
M2,261,220.988,0.1625
M0,164,220.999,0.173958
M1,55,221.01,0.151042
M2,55,221.429,0.278125
M0,110,221.545,0.185417
M1,220,221.568,0.139583
M2,329,221.592,0.383333
M0,48,222.079,0.371875
M1,195,222.079,0.290625
M2,82,222.114,0.209375
M0,391,222.114,0.173958
M1,41,222.253,0.663542
M2,82,222.334,0.163542
M0,164,222.615,0.173958
M1,195,222.626,0.139583
M2,82,222.638,0.1625
M0,164,222.87,0.1625
M1,195,222.881,0.591667
M2,293,222.951,0.196875
M0,164,223.032,0.151042
M1,41,223.078,0.360417
M2,82,223.172,0.1625
M0,48,223.206,0.40625
M1,261,223.241,0.255208
M2,55,223.253,0.151042
M0,82,223.334,0.139583
M1,174,223.508,0.325
M2,293,223.52,0.336458
M0,87,223.635,0.196875
M1,43,223.648,0.173958
M2,293,223.856,0.185417
M0,220,223.996,0.151042
M1,43,224.007,0.605208
M2,87,224.043,0.278125
M0,220,224.344,0.140625
M1,261,224.355,0.25625
M2,48,224.786,0.325
M0,391,224.833,0.220833
M1,293,224.833,0.313542
M2,97,224.833,0.313542
M0,48,225.123,0.685417
M1,293,225.147,0.196875
M2,97,225.147,0.302083
M0,293,225.344,0.139583
M1,293,225.483,0.1625
M2,293,225.646,0.151042
M0,97,225.657,0.151042
M1,48,225.808,0.266667
M2,261,225.82,0.313542
M0,97,225.82,0.173958
M1,195,225.854,0.453125
M2,261,226.133,0.325
M0,130,226.145,0.313542
M1,65,226.261,0.185417
M2,195,226.319,0.43125
M0,65,226.447,0.303125
M1,261,226.458,1.13854
M2,130,226.458,0.686458
M0,349,226.622,0.56875
M1,65,226.75,0.383333
M2,195,226.784,0.1625
M0,195,226.947,0.360417
M1,65,227.133,0.139583
M2,130,227.145,0.534375
M0,65,227.272,0.196875
M1,195,227.307,0.209375
M2,329,227.447,0.24375
M0,65,227.47,0.209375
M1,523,227.54,0.151042
M2,65,227.679,0.232292
M0,523,227.691,0.302083
M1,261,227.795,0.173958
M2,130,227.806,0.209375
M0,329,227.853,0.196875
M1,65,227.91,0.1625
M2,65,228.074,0.1625
M0,293,228.097,0.372917
M1,65,228.236,0.185417
M2,65,228.422,0.129167
M0,65,228.551,0.196875
M1,65,228.748,0.173958
M2,87,228.841,0.196875
M0,43,228.865,0.371875
M1,220,228.957,0.441667
M2,174,228.98,0.336458
M0,87,229.039,0.313542
M1,523,229.12,0.24375
M2,43,229.235,0.325
M0,220,229.398,0.417708
M1,261,229.549,0.290625
M2,87,229.549,0.1625
M0,523,229.619,0.24375
M1,43,229.7,0.139583
M2,87,229.723,0.139583
M0,48,229.991,0.347917
M1,97,230.06,0.139583
M2,195,230.142,0.220833
M0,493,230.176,0.173958
M1,293,230.199,0.407292
M2,97,230.199,0.43125
M0,48,230.35,0.616667
M1,246,230.408,0.303125
M2,97,230.7,0.56875
M0,246,230.723,0.336458
M1,293,230.746,0.336458
M2,48,230.967,0.476042
M0,293,231.095,0.498958
M1,110,231.431,0.196875
M2,55,231.478,0.1625
M0,195,231.478,0.232292
M1,51,231.675,0.1625
M2,261,231.686,0.4875
M0,110,231.838,0.1625
M1,55,231.849,0.417708
M2,329,231.989,0.278125
M0,195,232,0.278125
M1,110,232,0.278125
M2,587,232.081,0.232292
M0,261,232.174,0.255208
M1,164,232.302,0.163542
M2,329,232.336,0.163542
M0,1318,232.443,0.1625
M1,41,232.605,0.719792
M2,195,232.698,0.196875
M0,82,232.721,0.209375
M1,164,232.802,0.360417
M2,82,232.93,0.24375
M0,261,233.093,0.196875
M1,82,233.174,0.498958
M2,195,233.278,0.441667
M0,293,233.302,0.278125
M1,164,233.453,0.441667
M2,329,233.453,0.139583
M0,48,233.616,0.464583
M1,261,233.627,0.151042
M2,41,233.661,0.220833
M0,82,233.673,0.232292
M1,55,233.685,0.185417
M2,261,233.952,0.290625
M0,87,234.068,0.220833
M1,43,234.092,0.35
M2,220,234.196,0.395833
M0,87,234.289,0.639583
M1,261,234.417,0.35
M2,43,234.441,0.4875
M0,220,234.603,0.429167
M1,523,234.777,0.290625
M2,261,234.777,0.302083
M0,87,234.928,0.1625
M1,43,234.928,0.151042
M2,97,235.253,0.371875
M0,261,235.277,0.139583
M1,48,235.277,0.929167
M2,493,235.3,0.510417
M0,293,235.416,0.789583
M1,97,235.625,0.151042
M2,97,235.776,0.4875
M0,261,236.054,0.302083
M1,48,236.205,0.477083
M2,97,236.264,0.198958
M0,246,236.555,0.278125
M1,195,236.602,0.580208
M2,65,236.683,0.1625
M0,65,236.846,0.185417
M1,130,236.892,0.255208
M2,261,236.903,0.173958
M0,65,237.031,0.151042
M1,65,237.182,0.185417
M2,130,237.194,0.220833
M0,261,237.241,0.325
M1,195,237.322,0.173958
M2,65,237.368,0.209375
M0,48,237.391,0.220833
M1,130,237.53,0.139583
M2,659,237.891,0.523958
M0,65,237.902,0.151042
M1,130,237.925,0.535417
M2,391,237.936,0.173958
M0,65,238.053,0.255208
M1,261,238.065,0.139583
M2,261,238.216,0.280208
M0,65,238.308,0.152083
M1,65,238.46,0.266667
M2,293,238.576,0.313542
M0,130,238.646,0.383333
M1,65,238.867,0.151042
M2,48,238.878,0.185417
M0,65,239.018,0.290625
M1,174,239.227,0.255208
M2,87,239.284,0.580208
M0,43,239.284,0.173958
M1,174,239.494,0.255208
M2,220,239.528,0.847917
M0,43,239.703,0.151042
M1,261,239.854,0.313542
M2,87,239.866,0.417708
M0,523,239.97,0.266667
M1,174,240.028,0.290625
M2,43,240.167,0.196875
M0,261,240.318,0.280208
M1,48,240.505,0.255208
M2,97,240.528,0.1625
M0,293,240.645,0.40625
M1,48,240.76,0.360417
M2,246,240.9,0.801042
M0,97,240.958,0.173958
M1,48,241.121,0.313542
M2,293,241.132,0.347917
M0,97,241.132,0.336458
M1,48,241.434,0.336458
M2,97,241.469,0.151042
M0,293,241.48,0.24375
M1,97,241.62,0.151042
M2,293,241.794,0.325
M0,164,241.852,0.40625
M1,130,241.864,0.347917
M2,110,241.875,0.173958
M0,55,241.91,0.139583
M1,329,242.119,0.291667
M2,195,242.13,0.196875
M0,110,242.247,0.152083
M1,55,242.293,0.303125
M2,329,242.41,0.255208
M0,110,242.41,0.325
M1,220,242.422,0.347917
M2,261,242.607,0.220833
M0,987,242.782,0.151042
M1,329,242.921,0.290625
M2,164,243.107,0.394792
M0,41,243.119,0.696875
M1,82,243.153,0.325
M2,82,243.478,0.209375
M0,329,243.478,0.196875
M1,164,243.514,0.383333
M2,261,243.548,0.196875
M0,82,243.722,0.336458
M1,293,243.734,0.336458
M2,195,243.757,0.278125
M0,164,243.897,0.454167
M1,41,244.001,0.278125
M2,82,244.059,0.151042
M0,293,244.071,0.232292
M1,48,244.105,0.25625
M2,195,244.233,0.3375
M0,87,244.525,0.940625
M1,43,244.525,0.453125
M2,261,244.582,0.151042
M0,523,244.618,0.336458
M1,220,244.641,1.06771
M2,174,244.71,0.232292
M0,43,244.977,0.510417
M1,261,245.175,0.255208
M2,48,245.64,0.510417
M0,97,245.709,0.498958
M1,493,245.778,0.360417
M2,293,245.836,0.40625
M0,246,246.01,0.232292
M1,48,246.161,0.151042
M2,97,246.208,0.442708
M0,48,246.313,0.326042
M1,293,246.349,0.510417
M2,261,246.489,0.139583
M0,48,246.639,0.557292
M1,97,246.651,0.24375
M2,246,246.674,0.266667
M0,130,247.092,0.360417
M1,65,247.092,0.209375
M2,65,247.301,0.139583
M0,195,247.394,0.173958
M1,65,247.441,0.185417
M2,349,247.464,0.151042
M0,65,247.626,0.336458
M1,261,247.684,0.151042
M2,195,247.707,0.232292
M0,130,247.719,0.40625
M1,65,247.963,0.278125
M2,261,248.148,0.907292
M0,130,248.347,1.27708
M1,329,248.394,0.545833
M2,65,248.486,1.10312
M0,329,248.951,0.65
M1,195,249.055,0.498958
M2,261,249.461,1.20833
M0,65,249.59,0.24375
M1,174,249.613,0.813542
M2,87,249.647,1.52187
M0,659,250.274,0.129167
M1,698,250.577,0.255208
M2,493,250.938,0.65
M0,195,250.938,0.778125
M1,97,250.938,0.627083
M2,246,251.111,0.383333
M0,293,251.297,0.232292
M1,97,251.565,0.325
M2,659,251.576,0.325
M0,97,251.89,0.558333
M1,698,251.901,0.371875
M2,783,252.041,0.139583
M0,391,252.215,0.326042
M1,329,252.215,0.663542
M2,523,252.226,0.314583
M0,110,252.226,0.651042
M1,261,252.297,1.1375
M2,783,252.541,0.1625
M0,523,252.541,0.139583
M1,391,252.541,0.278125
M2,659,252.877,0.185417
M0,329,252.877,0.789583
M1,110,252.877,0.65
M2,220,253.075,0.40625
M0,880,253.202,0.196875
M1,783,253.365,0.1625
M2,391,253.365,0.151042
M0,391,253.516,0.347917
M1,293,253.527,0.394792
M2,246,253.527,0.8375
M0,164,253.527,0.196875
M1,110,253.527,0.290625
M2,82,253.527,0.371875
M0,195,253.621,0.232292
M1,783,253.853,0.209375
M2,391,253.865,0.278125
M0,195,253.865,0.442708
M1,82,253.899,0.860417
M2,293,253.922,0.43125
M0,659,254.19,0.477083
M1,164,254.19,0.152083
M2,293,254.353,0.498958
M0,246,254.365,0.4875
M1,195,254.365,0.139583
M2,523,254.516,0.371875
M0,587,254.852,0.615625
M1,293,254.852,0.255208
M2,261,254.852,0.685417
M0,174,254.852,0.510417
M1,87,254.852,0.534375
M2,440,254.864,0.347917
M0,220,255.084,1.03333
M1,440,255.364,0.40625
M2,174,255.364,0.290625
M0,87,255.386,0.859375
M1,659,255.538,0.580208
M2,261,255.538,0.360417
M0,587,255.723,0.185417
M1,523,255.897,0.290625
M2,261,255.897,0.347917
M0,587,256.072,0.1625
M1,587,256.246,0.303125
M2,195,256.246,0.732292
M0,87,256.246,0.163542
M1,493,256.257,0.628125
M2,293,256.257,0.605208
M0,97,256.269,0.3375
M1,246,256.444,0.347917
M2,97,256.607,0.383333
M0,659,256.619,0.278125
M1,587,256.978,0.394792
M2,293,256.978,0.905208
M0,195,256.978,0.209375
M1,97,256.99,0.778125
M2,659,257.118,0.453125
M0,523,257.373,0.40625
M1,97,257.768,0.278125
M2,523,257.779,0.371875
M0,349,257.779,0.651042
M1,261,257.779,0.441667
M2,130,257.779,0.441667
M0,195,257.791,1.52188
M1,261,258.221,0.616667
M2,130,258.221,1.46458
M0,349,258.431,0.453125
M1,349,258.883,0.835417
M2,261,259.208,0.290625
M0,195,259.314,0.360417
M1,261,259.673,0.860417
M2,195,259.673,1.66146
M0,130,259.684,2.20729
M1,329,259.72,1.33646
M2,65,259.824,0.41875
M0,261,260.975,0.185417
M1,329,261.056,0.209375
M2,261,261.172,0.290625
M0,329,261.265,1.38333
M1,195,261.334,0.371875
M2,261,261.463,0.139583
M0,261,261.602,0.278125
M1,195,261.706,0.383333
M2,261,261.88,0.24375
M0,130,261.892,1.02292
M1,195,262.09,0.41875
M2,261,262.124,0.5125
M0,195,262.508,0.196875
M1,261,262.636,0.266667
M2,329,262.648,0.266667
M0,195,262.706,0.209375
M1,261,262.903,0.290625
M2,329,262.915,0.453125
M0,195,262.915,0.185417
M1,130,262.915,0.185417
M2,195,263.101,0.266667
M0,130,263.101,0.453125
M1,329,263.368,0.40625
M2,195,263.438,0.325
M0,261,263.553,0.139583
M1,130,263.553,0.173958
M2,261,263.693,0.255208
M0,195,263.763,0.1625
M1,329,263.774,0.313542
M2,195,263.925,0.196875
M0,329,264.088,0.129167
M1,195,264.122,0.152083
M2,130,264.134,0.175
M0,329,264.217,0.255208
M1,164,264.263,0.139583
M2,130,264.309,0.139583
M0,261,264.402,0.196875
M1,329,264.472,0.139583
M2,329,264.611,0.232292
M0,329,264.844,0.151042
M1,329,264.995,0.1625
M2,329,265.157,0.173958
M0,48,273.475,0.302083
